000000000007000000000901002000240080005000600010079000900406000000000100000000000,142567893867324591539891472796243185325185649418679325953416728674293158281758934,7.3
000000000002000000000308005000560090001000400080023000300604000000000800000000000,865142937942756138173938625234567891751891463689423751317684259426537819598219376,7.1
000000000005000000000102008000860040003000900020051000100609000000000200000000000,268395417495786312371412658519867243783243961624951783137629584956817234842534176,7.9
000000000007000000000804009000930050001000200040078000800302000000000400000000000,439127586527693184168584379782936451691451238345278691816342795273986415954715863,7.1
400000005003000700060105090050060020007000800080040060020308010009000600100000009,412789365893624715765135294354867921697512843281943567526398417949271658178456329,7.3
200000009003000500010709080090010040005000600060020010040306070008000100700000008,274568319683142579519739482392615847185974623467823915941386275828457196756291348,7.1
000000000005000000000603001000190070002000400030056000600904000000000300000000000,391245768745819263286763951564198372812372496937456812628934517459168327173527689,7.7
000000000003000000000102009000980070006000400020031000100804000000000200000000000,289643715743598612651712839314985276596276481827431596165824397438915267972367158,7.9
000000000008000000000509007000730060004000100090085000500301000000000900000000000,937418652618273459425659387851732964274964135396185274542391876183752946769846523,7.3
600000008009000400010308020080010050004000700070060010050907030002000100300000002,635472918729156438418398526986714253124835769573269814851927634262543187347681952,7.3
000000000006000000000905001000130080007000200050069000900302000000000500000000000,531726894826413795749895361692134587417587239358269417974352618263194578185678943,7.7
000000000007000000000603008000820010009000400030076000600204000000000300000000000,328947165147582963956163278764825319589319426231476589695234781472865391813791652,7.5
000000000005000000000906003000310040007000800060059000900108000000000600000000000,613785492485231796729496153598312647237647819164859237972168534851392674346574921,7.8
000000000003000000000407001000120060009000500070034000400205000000000700000000000,721953648653812947984647231345128769819769524276534819498275316532148796167396482,7.8
200000007003000400060107080070060050004000900090020060050309010008000600100000008,215498367983652417467137582372964851684715923591823764756389214828541679149276358,7.3
000000000006000000000509003000310070002000800090065000500108000000000900000000000,913286754786431259245759163658314972432972815197865432524198637861354927379627541,7.8
300000008009000100070608040080070050001000200020030070050902060004000700600000004,365124978249753168178698543983271456741865239526439871857942361434516782612387954,7.7
300000004008000200060504010040060070002000900090030060070809050001000600500000001,357291864918673254264584713843962175612457938795138462476819352131725649529346871,7.1
400000007001000200090307050070090060002000800080040090060108030005000900300000005,436285197851964237297317654174892563952736841683541792769158432545623978328479165,7.2
400000006003000800070506090060070020008000100010040070020301050009000700500000009,452819376193724856876536294364178925798652143215943678627391458949285761581467329,7.1
100000008007000600030208040080030050006000900090010030050709020004000300200000004,125694738947351628638278541781936452346825917592417836853749126414562389269183754,7.8
000000000001000000000609005000520070008000300090016000600203000000000900000000000,925831764731452869846769215163524978458978326297316458684293157312564987579187642,7.9
000000000004000000000306002000280050009000100060043000300801000000000600000000000,682914537514728936973536842431287659729659183865143729397861425148237695256495378,7.7
000000000001000000000209004000430080005000600090012000200306000000000900000000000,934561827861743529572829314126437985745985632398612745257396148613427958489158273,7.7
000000000009000000000501008000870020003000600010095000500706000000000100000000000,178369254269487351345251798956874123483123675712695483534716982697854132821932547,7.7
100000002005000800090302060020090040008000700070010090040507030006000900300000006,134876592765941832892352461521798643968234715473615298249567138616483927387129546,7.6
100000003009000700080203040030080050007000600060010080050906020004000800200000004,125764983649851723783293541931687452847325619562419387358946127414572836276138954,7.4
400000009005000600070809030090070010006000200020040070010502080003000700800000003,481623579235714689679859134594276318736981245128345976917532486343168792862497513,7.1
000000000001000000000608003000350090007000400080016000600504000000000800000000000,853741962941235768726968513164352897237897456589416237672584139415362879398179625,7.7
700000004006000500010204030040010080005000900090070010080609020003000100200000003,728593614936187524514264837647915382135428976892376415481639725373852149259741683,7.5
000000000005000000000906007000780040003000100060059000900801000000000600000000000,687315492415278396329496857591782643273643189864159273932861574158792634746534928,7.6
800000006009000500010306020060010070005000400040080010070904030002000100300000002,837542916429178536516396728968415273125637489743289615671924835282753164354861972,7.9
100000007002000800060907050070060040008000300030010060040203090005000600900000005,194835267352641897867927451271368549658794312439512768746253198515489673983176245,7.9
100000005002000800030405060050030090008000700070010030090207040006000300400000006,149876235762391845835425961251738694368549712974612538593267148616984357487153296,7.5
100000006008000700050906040060050020007000300030010050020803090004000500900000004,192734856348521796756986241861357429547692318239418657625843197414279563973165824,7.1
200000001005000800060401090010060070008000300030020060070503040009000600400000009,247839561395672841861451792512368974698147325734925168176593248929784613483216579,7.3
500000006007000300040106080060040090003000200020050040090702010008000400100000008,519328746287495316346176985765243891483619257921857643694782513858931462132564798,7.5
700000008002000900050608010080050030009000400040070050030204060001000500600000001,763941258412537968958628317287459136519863472346172859835214769171396584694785231,7.8
800000004006000100020504070040020090001000300030080020090603050007000200500000007,859137624376298154124564978648321795271459386935786421492673851787915243513842697,7.0
000000000004000000000109002000260070008000500090041000100605000000000900000000000,962854713754326819831719642415263978328978561697541328183695427546213987279487136,7.5
300000005001000200090705080050090060002000400040030090060104070008000900700000008,376248195481963275295715683153492867982576431647831592569184372838627954724359168,7.8
400000002007000800050602090020050030008000100010040050030701060009000500600000009,463819752197534862852672394724158936598263147316947258235791468949386521681425739,7.7
000000000001000000000903006000640070008000200030019000900402000000000300000000000,346821795721564893859793416192645378568378249437219568985432167214695387673187954,7.7
200000008007000500060908010080060040005000300030020060040703090001000600900000001,294531768317642598568978412782365149615894327439127865846713295121459683953286741,7.0
000000000001000000000802009000960030004000700020018000800607000000000200000000000,269471385371596482458382619187965234594234768623718594845627193716985243932143856,7.5
600000005009000300040805010050040020003000700070060040020907080001000400800000001,682371945719426385345895216956743128413582769278169543524917683161238457837654921,7.7
900000001007000400050801060010050020004000300030090050020703080006000500800000006,982436751367529481451871269719354628564182397238697154125763984696248513843915726,7.0
000000000004000000000701009000920080005000600010047000700206000000000100000000000,129564873864392571537871249476923185395185627218647395753216498642973158981458732,7.9
000000000008000000000903006000610020004000700030089000900107000000000300000000000,316478295278561493459293186897615324564324719132789564945137862781695342623842951,7.6
300000005006000900020105080050020070009000400040030020070604010008000200100000008,317948625486273915925165783653429871289517436741836529572684319838791254194352678,7.7
800000003004000200060903010030060070002000500050080060070405090001000600900000001,897251463514678293263943718438562179612397584759184362376415892181729635925836471,7.1
000000000001000000000309004000450020007000600090013000300506000000000900000000000,954761238261845739783239514136458927847927653592613847378596142615438972429172385,7.5
500000002001000600090402070020090080006000300030050090080103040007000900400000007,548637192371985642692412875125396784976248351834751296289173546757864923463529187,7.3
000000000001000000000604009000920070005000300040016000600203000000000400000000000,429531768731892564586764219163928475895475326247316895658243197312968457974157682,7.2
000000000006000000000507009000930080004000200070065000500302000000000700000000000,739426851826193457415857369652931784194784235378265194541372698263951748987648513,7.9
300000007006000400020107050070020090004000800080030020090608010005000200100000005,319485627856293417427167953673824591254719836981536724792658314535941278148372695,7.2
000000000008000000000304006000670020005000900040083000300709000000000400000000000,476598231298167534513234786839671425165425973742983165351749862987631452624852317,7.7
000000000009000000000603008000850010007000200030096000600502000000000300000000000,358729164129485763746163598962854317487317256531296487674532981295864371813971645,7.2
400000008006000500090108020080090070005000300030040090070603010002000900100000002,417532698326974518598168724684395271925817346731246895879623415242751983153489672,7.7
600000001003000500090701080010090020005000400040060090020304070008000900700000008,672548391483926571591731286316495827985172463247863195129384675868257914754619328,7.1
100000006002000900070506030060070080009000400040010070080204050003000700500000003,158943276432781956976526831261479385739658412845312679687234159313895764594167283,7.7
000000000007000000000106009000950040002000800060071000100508000000000600000000000,659287413487395216231416579718953642392642851564871392123568794875913624946724135,7.9
000000000005000000000601002000280070009000400010056000600804000000000100000000000,182945763745328961936761852564283179329179486817456329693814527458263197271597638,7.9
300000008001000900060208040080060050009000700070030060050107020004000600200000004,325974168741653928968218543183769452649825731572431869856147329434592687297386154,7.4
300000008005000900020608070080020010009000400040030020010504060007000200600000007,361947528475213968928658173583429716279861435146735829812574369737196284694382517,7.6
000000000008000000000507004000490010003000600070085000500906000000000700000000000,794368152168249357325157984856492713243713695971685243532976841689452731417831529,7.2
400000009008000100050309060090050020001000700070040050020807030006000500300000006,432176859768524139159389264894751623561932748273648951925867431646213597317495826,7.2
600000008007000900020408050080020030009000100010060020030701040005000200400000005,643915728157236948928478356786129534259843167314567829832751649565394281491682735,7.5
000000000008000000000504001000120070009000300040085000500203000000000400000000000,421938756738612954965754281853126479619479325247385619596243817382156497174897562,7.6
000000000009000000000605004000470080002000300050096000600703000000000500000000000,574239861839147265216865794963471582142582376758396142621753948397461528485928617,7.6
600000007003000800020107050070020040008000900090060020040309010005000200100000005,614895327953246817827137456376928541258714963491563728742359618565481279189672345,7.4
000000000002000000000805009000970040003000600050028000800706000000000500000000000,579362481462197385318485729286971543193543678754628193831756294627981534945234817,7.6
500000008009000100060208030080060040001000700070050060040907020003000600200000003,524173968739645128168298435985761342631824759472359861846937521353412687217586943,7.3
700000002006000900010402030020010050009000800080070010050608040003000100400000003,745983612836157942912462537627819354139245876584376219251638749373594128498721653,7.6
000000000001000000000609004000480050003000700090016000600807000000000900000000000,984371562571248369326569814167482953243953786895716243632897145718462935459135628,7.8
500000001007000200080401060010080030002000900090050080030709040006000800400000006,543296781967835241281471365715982634862143957394657182138769542656324819429518736,7.8
800000005002000300060105040050060090003000700070080060090207010004000600100000004,819374265742698315365125948258763491643519782971482563596247813484931657137856294,7.7
000000000002000000000903005000570060008000400030029000900704000000000300000000000,375842691642157893819693725294571368158368479736429158981734256427591386563286917,7.3
600000002003000400090802050020090070004000100010060090070301080005000900800000005,687415392153976482492832756326194578954287163718563294279351684565748921841629375,7.5
200000009008000500070409030090070010005000600060020070010806040003000700400000003,241563879638712549579489132892675314735941628164328975917836245323154796456297813,7.0
400000001009000200060701080010060030002000500050040060030905070008000600700000008,473258961589634271261791384914562837682173549357849162136985472848327615725416938,7.6
400000001005000200070601030010070090002000800080040070090508060003000700600000003,469283571835794261271651934514872396732169845986345172197538462343926718628417593,7.9
000000000004000000000102008000890030007000500020041000100905000000000200000000000,298754316354689712761312948415896237687237591923541687176925483549816273832473169,7.4
100000005003000600070205090050070040006000800080010070040308020009000700200000009,124689375893741625675235491351876942796524813482913576547398126919462758268157349,7.5
600000003007000100090803050030090020001000400040060090020704080005000900800000005,682145793457926183193873256736491528951382467248567391329754681565218934814639725,7.4
000000000009000000000208006000610050004000700080092000200107000000000800000000000,816479523579361428432528196927613854364854712185792364243187965791623845658945231,7.9
300000007008000200050407090070050010002000600060030050010806040009000500400000009,341269857698513247257487193873652914592741638164938752715896342939124576426375819,7.1
000000000006000000000908004000450070003000100080069000900501000000000800000000000,854316792716245398329798564691452873243873159587169243932581647165492837478637925,7.6
300000001004000700020901060010020050007000800080030020050408090006000200900000006,395786421864253791721941563413827659267195834589634127152468397636579218978312456,7.7
500000009004000200030609080090030070002000100010050030070401060008000300600000008,567218439184375269239649785495132876382967154716854932973481562858726391621593478,7.1
500000004009000200060804070040060030002000100010050060030901080007000600800000007,583217964179635284264894375945162738672483159318759462436971582757328641821546937,7.5
200000009001000300080609050090080040003000700070020080040107060005000800600000005,264375189751842369389619452192783546853964721476521983948157263525436897637298145,7.1
000000000002000000000308001000190040005000700080023000300907000000000800000000000,891572436472619538563438921237196845615845793984723615356987214729136854148254369,7.6
000000000007000000000309008000840050002000100090073000300401000000000900000000000,948217536517684239263539478731846952682952143495173682326491785174836925859725364,7.6
200000001004000300050601070010050090003000800080020050090408060007000500600000007,269387451874592361351641972412853796573169824986724153195478263727936518638215497,7.2
000000000001000000000705009000930040006000800050017000700308000000000500000000000,539681472481293675627475319178932546296546837354817296762358194813972564945164723,7.4
000000000006000000000408005000520010009000700080064000400207000000000800000000000,825976143176352948934148265647523819359819724281764359493287651762543891518691432,7.4
700000006002000800040906050060040030008000100010070040030201090005000400900000005,793815246152437896846926357267148539458693172319572648634251798575389461981764235,7.6
900000001007000300040201050010040060003000800080090040060708020005000400200000005,926385741857469321341271659719843562453126897682597143164758923595632418238914765,7.5
000000000006000000000403005000590080001000700030064000400907000000000300000000000,395176842876259143124843965647592381251381794938764251412937658769542318583618429,7.6
000703000000000000040010030700000008002080900300000002090040070000000000000501000,561723849238954761947816235714269358652187943389453162193648527475392618826571490,8.4
000908000000000000060030080900000005001050200800000001020060090000000000000703000,743918562185276943269534187936142875471359268852678341328465719697821435514793620,8.5
000301000000000000090080010300000007004070600100000004060090030000000000000508000,528341796417659328693782415389426157254873691176951824861297543935164287742538960,8.2
000907000000000000050020070900000006004060300700000004030050090000000000000102000,182947653476315982359628471925483716814269357763517284237856149591734826648192530,8.6
000602000000000000010090020600000007003070400200000003040010060000000000000509000,589632714327451689416798325691384257853976412274152983942817536165243897738569140,8.6
000405000000000000030010050400000009006090700500000006070030040000000000000201000,281465937659723481734918652413687529826194735597325186175839264342576819968241370,8.5
000309000000000000070040090300000001002010600900000002060070030000000000000804000,854329176291687354673145298347256981582413679916789452469571823738962541125834760,8.2
000901000000000000080040010900000006002060500100000002050080090000000000000704000,734921685216578934589643217948235176372469581165871432451386729897152346623794850,8.3
000209000000000000030050090200000001006010400900000006040030020000000000000705000,785269134691473285432158697253684971876512439914379586549831762327946851168725340,8.6
000804000000000000010090040800000005006050200400000006020010080000000000000709000,739864512645271839218593647891632475376958214452174936924315768187426395563789120,8.8
000703000000000000050040030700000002008020900300000008090050070000000000000104000,164783259832915764957246831745869312618427953329513468493652187571398642286174590,8.2
000201000000000000030060010200000008007080400100000007040030020000000000000506000,596271834718453296432869715263794158957682431184351697641938572325147968879526340,8.6
000106000000000000030020060100000007005070900600000005090030010000000000000402000,482156739567943182931728564123589647845271936679346285296837451314695827758412390,8.5
000106000000000000040020060100000003005030900600000005090040010000000000000702000,782156349563974182941328567124589673875231946639476285296843751417695823358712490,8.9
000306000000000000010050060300000008009080400600000009040010030000000000000205000,275396814968421375413857962351974628729583416684126579546718293132649758897235140,8.5
000302000000000000070040020300000009006090500200000006050070030000000000000804000,814362975629587314573941628347615289186493572295782416452179863738256149961834750,8.4
000506000000000000020030060500000008009080100600000009010020050000000000000703000,743596821968172543125834967532941678479385126681276349316428795257619438894753210,8.1
000501000000000000030070010500000008006080400100000006040030050000000000000207000,297561834618423597435879612573694128926785431184321796741938265352146978869257340,8.1
000802000000000000040010020800000009006090700200000006070040080000000000000301000,351862947629734851748915623814657239536198742297432156172549368483276519965381470,8.1
000107000000000000050060070100000002003020800700000003080050010000000000000406000,496137258372845196851269374165398742943621857728547693687952431514783962239416580,8.7
000107000000000000040030070100000005002050600700000002060040010000000000000803000,893127546275684193641539278134296785982351647756487392367945821418762935529813460,8.7
000204000000000000090050040200000008006080300400000006030090020000000000000105000,175264893648319275392857641259673418716582394483914576534798162921436758867125930,8.3
000903000000000000040070030900000006001060800300000001080040090000000000000207000,257913648136824957849675132974158326521769843368423751783546219492381576615297480,8.6
000603000000000000020040030600000005001050800300000001080020060000000000000904000,974613528135892674826547139642178395791456823358293471483725916269381745517964280,8.1
000806000000000000020030060800000007001070400600000001040020080000000000000503000,593816724167452893428739165832194657951378426674256391346927518285641937719583240,8.6
000901000000000000040070010900000008003080500100000003050040090000000000000607000,627931845318564927549872316974325168263789541185461723751248639496153278832697450,8.5
000907000000000000050030070900000002001020400700000001040050090000000000000803000,863917254172485963459236178935164782681329457724587361347652819598741632216893540,8.3
000503000000000000080090030500000006002060100300000002010080050000000000000709000,749523681236178549185694237598241376472965183361873942913486725857312496624759810,8.9
000206000000000000050090060200000001003010700600000003070050020000000000000409000,489236157361745289752198364295387641843912756617546983976851432524673891138429570,8.9
000309000000000000040010090300000002006020700900000006070040030000000000000801000,851369247692784351743215698314657982586123749927489156179542863438976512265831470,8.4
000704000000000000030060040700000001005010800400000005080030070000000000000906000,926754138541893726837162549763528491295617834418394625684231957379485261152976380,8.3
000907000000000000040050070900000003006030100700000006010040090000000000000805000,825967341673184925149352678954621783286539147731487526517243869498716253362895410,8.5
000506000000000000070090060500000001008010400600000008040070050000000000000209000,239586174861427539475193862597834621328915476614726938946371285752648391183259740,8.9
000709000000000000010040090700000003005030800900000005080010070000000000000604000,624759318593861724817342596741528963265437819938169425489213657176985243352674180,8.7
000306000000000000070040060300000005001050800600000001080070030000000000000204000,294316578165827394873549162347198625921453876658726491486975213732681945519234780,8.5
000804000000000000050060040800000007002070300400000002030050080000000000000906000,916824753247395816358761249865213497192678354473594612634157928589432167721986530,8.8
000904000000000000060030040900000007008070100400000008010060090000000000000503000,523984761847156923169732845936821457258379164471654328314267589695418237782593610,8.1
000409000000000000050060090400000008001080300900000001030050040000000000000706000,726419853198375426354862197465123978271684359983579621639258714547931268812746530,8.6
000609000000000000020030090600000007008070100900000008010020060000000000000503000,543689721897152643126734895632841957458376129971259348319427586265918437784563210,8.4
000305000000000000010020050300000009004090800500000004080010030000000000000602000,672345918459861372813927456321478569764293815598165274285719643136584729947632180,8.4
000207000000000000040050070200000009008090300700000008030040020000000000000605000,615287943879364215342951876254813769168592347793467518537149682426738159981625430,8.4
000309000000000000060080090300000004001040700900000001070060030000000000000508000,528319467194756328763482195386127954251843769947659821879264513635971284412538670,8.9
000603000000000000070080030600000009004090500300000004050070060000000000000208000,218643975439527618576981432687415329124896573395723814853179246762354189941268750,8.3
000905000000000000040080050900000002001020300500000001030040090000000000000708000,768915243152374968349286157984163572671829345523475861835642719497531682216798430,8.6
000102000000000000060050020100000009003090700200000003070060010000000000000805000,845132967329786145761954328156347289483591762297682543572469831618273459934815670,8.7
000604000000000000030050040600000002007020900400000007090030060000000000000805000,815674239742983615936251748653719482187526934429384517594132876368497152271865390,8.8
000201000000000000080060010200000005003050700100000003070080020000000000000406000,496231587315748296782569314268397145943652781157841693671985432824173965539426870,8.4
000907000000000000080010070900000004002040300700000002030080090000000000000501000,561927483274358961389416275918263754652149387743857162137684529895732614426591830,8.4
000103000000000000060080030100000005009050400300000009040060010000000000000708000,728193564935476128461582937186924375279851463354673829843265791617349285592718640,8.4
000506000000000000080030060500000002004020700600000004070080050000000000000903000,913546287462798513785231469538417692194325786627896314376182945859674132241953870,8.0
000605000000000000040010050600000007008070200500000008020040060000000000000301000,391685742857234691246719853614892537938176245572435198125947386463528917789361420,8.8
000501000000000000070090010500000003006030400100000006040070050000000000000209000,289561374613427589475398612597684123826935471134721986941873265752146893368259740,8.0
000708000000000000030050080700000001009010200800000009020030070000000000000605000,645798132981263745237154986753942861469517238812368549528431697376829451194675320,8.4
000209000000000000080040090200000006001060700900000001070080020000000000000504000,534219687196758234782643195248137956351462789967859431479386512825971346613524870,8.0
000803000000000000060040030800000001007010900300000007090060080000000000000504000,524873169731956824968142735846729351257418963319653427493261578685397241172584690,8.5
000602000000000000070090020600000008004080300200000004030070060000000000000109000,159642873428317659376895421697453218514986372283712954932578146761234598845169730,8.7
000608000000000000010030080600000005004050200800000004020010060000000000000703000,793648512485271693216539487631492875974356218852178394328915746167824935549763120,8.6
000501000000000000030070010500000004002040600100000002060030050000000000000907000,987521436214693587635478219573286194892745631146391782761834925359162874428957360,8.4
000607000000000000030020070600000004008040100700000008010030060000000000000502000,592687431874153692136429875623891754958246137741357298217934586365718924489562310,8.3
000308000000000000050070080300000009006090400800000006040050030000000000000107000,127368954689415327453972681375624819216793458894518726748259163531846279962137540,8.8
000701000000000000040080010700000009003090600100000003060040070000000000000208000,258731946319624758647985312784356129523897641196421853861549237472163589935278460,8.4
000409000000000000030020090400000007001070600900000001060030040000000000000502000,582419736197653482634728195423186957851274639976359281269837514345961827718542360,8.8
000908000000000000060050080900000002007020300800000007030060090000000000000405000,415978263782346915369251784956713842147529368823648517538162479694837152271495630,8.2
000803000000000000020070030800000001004010600300000004060020080000000000000507000,597843126431652897628179435872496351954718623316253794763921548285364971149587260,8.3
000204000000000000050080040200000003007030900400000007090050020000000000000108000,168274359743915268952386741285769413617832954439514867894653172521497683376128590,8.4
000408000000000000050030080400000007002070600800000002060050040000000000000103000,193428756287615493654739281435296817912374658876518392368957124541862937729143560,8.3
000506000000000000030040060500000009008090100600000008010030050000000000000204000,274586931869123574135947862543871629728495136691326478416739285352618749987254310,8.5
000305000000000000080090050300000007006070100500000006010080030000000000000409000,429365781657148329183792654398621547246973185571845926915287463834516297762439810,8.3
000502000000000000090040020500000007001070600200000001060090050000000000000804000,834512796127689534695743128549136287381475692276982431462397815958261347713854960,8.5
000302000000000000060090020300000005008050100200000008010060030000000000000409000,479382561825146379163597824396871245748953162251642978912765483634218795587439610,8.4
000301000000000000080060010300000002009020500100000009050080030000000000000406000,476391285912548376583267914368975142749623581125841679651782493834159762297436850,8.5
000206000000000000070050060200000009003090100600000003010070020000000000000405000,485236971369147285172958364257381649843592176691746583516879432724613859938425710,8.8
000907000000000000060040070900000002003020500700000003050060090000000000000804000,814937265372586914569241378946315782183429567725687413457162839698753142231894650,8.6
000805000000000000040020050800000007009070100500000009010040080000000000000302000,362895741957134862148726953824961537639278145571435269215647398483519627796382410,8.8
000502000000000000040070020500000001008010900200000008090040050000000000000607000,637582149821964537945173826574839261368715942219462738792341685456298371183657490,8.8
000201000000000000070040010200000003009030800100000009080070020000000000000504000,564291378913857264872346915247968153659432871138751469481673592725189643396524780,8.1
000302000000000000010050020300000009008090700200000008070010030000000000000405000,465382917829741365713956824351867249648593712297142568572619483134278659986435170,8.6
000308000000000000060090080300000002001020700800000001070060030000000000000409000,459318267182746359763295184396157842541923768827648951978562413634871592215439670,8.7
000908000000000000010050080900000007002070600800000002060010090000000000000405000,435928716287641935619753284951236847342579618876148532568317429194862357723495160,8.8
000604000000000000010070040600000002005020300400000005030010060000000000000907000,987654213542391687316278549671583492895726314423194785734812956169435872258967130,8.2
000708000000000000030060080700000009001090200800000001020030070000000000000506000,546718932189253746237964185763142859451697238892358641628439517375821469914576320,8.8
000609000000000000010030090600000005008050400900000008040010060000000000000703000,723689514895471623416532897631824975278356419954179328349215786167948235582763140,8.8
000508000000000000060010080500000007004070200800000004020060050000000000000301000,391548762487236591265719483516492837934175268872638194128967345653824917749351620,8.3
000501000000000000090040010500000006003060800100000003080090050000000000000204000,274531698316829574895647312549378126723465891168921473481796235952183746637254980,8.4
000409000000000000080050090400000003007030100900000007010080040000000000000205000,265479381793128465184356792458761923627534189931829567519683274842917653376245810,8.8
000209000000000000030010090200000008004080700900000004070030020000000000000501000,561249837498753261732816495213467958654182739987359164179638542325974618846521370,8.7
000402000000000000090010020400000007008070500200000008050090040000000000000601000,631482795827569431594713826419835267368174592275962138152397684946258317783641950,8.6
000108000000000000090040080100000002003020600800000003060090010000000000000704000,754138296382679154691245387149356872573421698826978453468592731917863542235714960,8.3
000309000000000000070040090300000001008010500900000008050070030000000000000204000,264389175891527364573146892347865921628413579915729468459671283732958641186234750,8.0
000802000000000000060010020800000009004090700200000004070060080000000000000301000,351842967429736851768915423816457239534198762297632154172569348683274519945381670,8.7
000904000000000000030010040900000005006050700400000006070030090000000000000801000,821964537645783921739512648913627485286159734457384126174235869398476215562891370,8.6
000704000000000000060080040700000003005030100400000005010060070000000000000208000,298754361543126798167389542786591423925837164431624895814963257672415983359278610,8.5
000408000000000000020010080400000009006090700800000006070020040000000000000301000,351468927689732451724915683412657839536194728897238156178529364243876519965341270,8.6
000605000000000000010040050600000007002070800500000002080010060000000000000904000,934625718257891634816743259641238597392476815578195432485317926169582347723964180,8.7
000306000000000000090040060300000005001050700600000001070090030000000000000804000,824316597165789324793542168349127685281453796657986421476295813938671245512834970,8.3
000807000000000000090050070800000001002010600700000002060090080000000000000305000,345827196271639845698154273859246731432518697716937542567491328983762451124385960,8.9
000308000000000000050060080300000007001070200800000001020050030000000000000906000,946318752187295346253764189365142897491673258872598641628457913539821467714936520,8.3
000603000000000000010070030600000005008050400300000008040010060000000000000207000,297683514835421697416579832671894325928756413354123798743915286162348975589267140,8.0
000603000000000000050080030600000002001020700300000001070050060000000000000908000,948613257132795648756284139685147392491826753327593841873452916569371482214968570,8.5
000905000000000000010070050900000003006030800500000006080010090000000000000207000,247965318653821947819374652971648523426739815538125746785413269192586473364297180,8.7
000000014000380000690000805000050000000807000000020000503000026000048000140000000,385276914421389657697514835216453789934867521875921463533792146762148395149653280,9.5
000000031000850000260000504000040000000507000000090000408000092000015000310000000,854972631193856247267431584932148756681527493574693128488769312729315864316248950,9.9
000000012000740000850000409000090000000403000000060000907000068000024000120000000,749638512261745893853912479618297345572483961439561287977356128386124759125897640,9.3
000000085000690000420000907000070000000903000000010000706000014000059000850000000,697134285518692473423785967184576392265943718937218546766321854341859627852476190,9.4
000000097000360000510000608000080000000604000000020000803000025000076000970000000,368245197729361584514897638295783461137654829648129753833412975452976318971583260,9.7
000000039000140000250000408000080000000407000000060000801000062000094000390000000,148672539963145287257839418632981745519427863478563921811756392726394158395281640,9.5
000000093000420000680000205000050000000207000000010000504000016000032000930000000,425176893319428657687593245196354728843267519275819364544781936761932485938654120,9.0
000000034000590000820000907000070000000906000000010000705000018000049000340000000,597168234413592876826734957138475692254986713967213485755621348681349527342875190,9.4
000000094000370000850000702000020000000701000000060000203000068000047000940000000,372618594469375821851294732698423175534781269712569483233156948186947352945823670,9.6
000000074000910000230000105000050000000106000000080000509000082000041000740000000,915862374487913256236574195872459613394126587165387429599638742628741935743259810,9.4
000000047000630000210000309000090000000305000000080000906000082000073000470000000,639852147784631295215947369842796531167325984359184726966518472528473619471296830,9.1
000000073000890000540000901000010000000906000000020000108000025000039000730000000,891265473327894516546173981275318694483956127961427358188642735652739841734518290,9.7
000000075000910000380000106000060000000102000000040000609000043000051000750000000,916423875547918362382675196473569218895132647126847539699284753234751986758369410,9.8
000000025000480000960000801000010000000807000000030000104000039000058000250000000,481379625532486917967125841329514786645897132871632594144763259793258461256914380,9.6
000000094000370000680000701000010000000702000000050000103000056000047000940000000,371526894459378612682194731596413278834762159721859463133285946265947381948613570,9.3
000000061000270000430000709000090000000705000000080000902000084000017000610000000,279854361186273495435961729864192573321745986759386142922538614548617239613492870,9.4
000000084000260000530000609000090000000601000000070000902000075000046000840000000,269715384478263591531984629785492163324651978619378452922137845157846239843592760,9.2
000000049000310000750000108000080000000102000000060000803000067000091000490000000,318627549964315782752849138647983215539172864128564973833256497276491358495783610,9.3
000000016000580000430000807000070000000809000000020000705000024000068000160000000,587294316621583479439716857214675983356849721897321645755932164942168537163475280,9.7
000000031000920000560000207000070000000204000000080000709000085000012000310000000,927845631183926574564731297835179426691254783247683159799468315458312967316579820,9.8
000000096000350000140000508000080000000507000000020000803000021000065000960000000,358271496629354187147896538291683754436517829578429613833742961712965348964183250,9.6
000000039000150000620000508000080000000504000000070000801000076000095000390000000,158746239973152684624839518736981452219564873548273961811427396467395128392681750,9.1
000000016000840000970000405000050000000403000000020000508000029000064000160000000,845239716621847953973516485219658347786493521435721698588372169392164875167958240,9.1
000000086000510000390000102000020000000107000000040000205000043000061000860000000,512473986648519327397286152483625719956137248172948635255794863734861592869325410,9.7
000000063000540000720000401000010000000409000000080000105000087000034000630000000,541897263386542719729163451867315942253479186491286375155928637978634521632715840,9.8
000000074000260000390000605000050000000608000000010000502000013000046000740000000,265183974417269358398574625173452869924638517685917432522891743831746295749352160,9.1
000000018000720000460000205000050000000203000000090000507000094000082000180000000,725934618891726453463518275914857326678243591235691847577369184349182765186457920,9.5
000000047000250000180000509000090000000503000000060000902000061000075000470000000,259631847764258193183947529641792358827513964539864712922386471316475289478192650,9.8
000000097000450000810000503000030000000502000000060000304000068000075000970000000,453628197769451832812397543698734251147582369523169784344216978286975413971834650,9.1
000000085000610000420000103000030000000107000000090000306000094000051000850000000,613974285598612437427385163984536712265147398173298546366729854749851623852436910,9.6
000000015000790000380000906000060000000902000000040000607000043000059000150000000,796423815541798362382615976413567298875932641926841537677284153234159786158367490,9.7
000000069000570000310000708000080000000704000000020000805000023000097000690000000,578243169926571384314869758263985471159734826748126935855412693432697518691385270,9.6
000000031000520000670000204000040000000208000000090000405000096000012000310000000,524986731193527648678431254936145827751268493284793165455879316869312574317645920,9.1
000000097000850000130000502000020000000504000000060000208000061000075000970000000,852641397769853124134297582691728453387514269542369718288436971416975832973128650,9.3
000000025000170000940000708000080000000706000000030000801000039000057000250000000,178369425532174986946825718329581674415796832768432591811643259693257148254981370,9.6
000000087000320000160000204000040000000205000000090000403000091000072000870000000,324951687798326145165487234981743526637215498254698713433569871519872364876143920,9.9
000000051000480000370000802000020000000806000000090000204000093000018000510000000,482963751195487326376251842953124687741836295862795134244679513639518472517324980,9.6
000000091000240000370000406000060000000405000000080000602000083000014000910000000,246853791189247365375691426893162547721435689456789132622578913538914276917362840,9.5
000000074000510000360000109000090000000108000000020000905000023000041000740000000,519283674427516398368974159273495816654138927189627435955862743832741569746395210,9.4
000000086000370000150000709000090000000704000000020000903000021000067000860000000,379241586628375194154986739281693475536714928749528613933452861412867359865193270,9.2
000000014000620000950000203000030000000207000000080000306000089000042000140000000,623879514481625937957314263819436725564297381273581496366758149798142653145936820,9.5
000000037000610000250000104000040000000108000000090000406000092000071000370000000,614982537793615248258437164932746815567128493184593726466859372829371654375246910,9.3
000000071000350000940000502000020000000506000000080000203000089000015000710000000,352869471187354926946271532879123654431596287562487193233648719698715342714923850,9.8
000000068000710000390000105000050000000102000000040000507000043000081000680000000,715423968846719352392568175463857219978132546125946837577294683234681795689357410,9.6
000000035000790000210000908000080000000906000000040000807000042000059000350000000,798462135543791286216835978432587691175926843968143527877614352624359718351287490,9.4
000000032000960000850000604000040000000601000000070000409000078000026000320000000,964718532273965841851432694738249165592681473614573289499157328187326954325849760,9.0
000000052000840000760000401000010000000403000000090000108000097000024000520000000,841937652295846713763152481957218346682473195431695278188369527379524861526718940,9.6
000000042000530000610000307000070000000309000000080000705000086000023000420000000,537896142284531679619742357846275931152369784397184265755918426968423517421675830,9.9
000000062000930000480000305000050000000307000000010000509000014000023000620000000,935174862216938457487562395164259738892347516375816249599781624741623985628459130,9.4
000000029000710000350000104000040000000108000000060000407000063000091000290000000,714683529962715348358429174623947815579138462184562937477856293836291754295347610,9.7
000000073000610000820000104000040000000109000000050000406000058000031000730000000,614598273357612849829473164578346912263189457194257386466925738985731624732846510,9.9
000000073000680000410000802000020000000809000000050000206000054000038000730000000,682594173357681429419273862574326981163849257892157346266915734945738612731426580,9.3
000000065000340000920000401000010000000408000000070000103000079000054000650000000,341789265576342918928165431769513842235498176481276593133827659897654321652913740,9.3
000000065000830000790000302000020000000304000000010000208000017000053000650000000,832147965516839724794265382167528439985374216342916578288491657471653892659728130,9.8
000000095000130000780000306000060000000304000000020000601000027000053000950000000,136247895529138764784695316297561438815374629346829571611482957472953186958761230,9.2
000000023000590000480000906000060000000901000000070000605000074000039000230000000,596714823372598461481623956724365198853941672916872345655187234147239586238465790,9.3
000000034000510000280000106000060000000109000000070000605000072000041000340000000,516792834473518269289634156732465918854129673196873425655987342927341586348265710,9.7
000000043000290000570000901000010000000906000000080000102000085000039000430000000,291865743384297516576143921845312697723956184961784352122678435658439271437512890,9.8
000000074000850000210000509000090000000503000000060000908000062000045000740000000,859632174467851293213974589672498351184523967539167428988316742326745819741298650,9.8
000000093000570000160000702000020000000704000000080000205000081000037000930000000,572841693389576124164293752891325476653714289742689315255468931418937562936125870,9.1
000000062000910000540000108000080000000107000000030000809000035000021000620000000,918375462236914587547862198365289714492157836178436259899743625753621948624589310,9.1
000000012000680000470000805000050000000809000000030000506000034000028000120000000,685394712231687459479512865314256987762849531895731246566973124943128675127456380,9.5
000000058000160000290000603000030000000607000000040000301000042000086000580000000,163472958845169237297358613452831769918627345673945821311794582724586193589231460,9.2
000000075000860000190000603000030000000602000000040000308000041000056000750000000,863421975547869132192375683471538269985612347623947518388294751214756893759138460,9.6
000000063000510000940000108000080000000107000000020000805000029000031000630000000,518279463326514987947863158269385714453197826178426395855742639792631548634985210,9.7
000000091000560000840000602000020000000603000000070000205000078000016000910000000,562738491179564823843291652798125364451683279632479185255347918387916542914825760,9.4
000000082000460000390000605000050000000607000000010000504000013000026000820000000,465173982218469357397582645183254769942637518675918234544791823731826495829354160,9.9
000000087000240000910000406000060000000403000000050000602000059000074000870000000,246539187758241963913687426589762341127493658436158792622315879395874216871962540,9.2
000000073000690000810000904000040000000905000000020000406000028000039000730000000,694258173327691845815473964278346591163985427954127386466512738582739614731846290,9.1
000000046000210000980000103000030000000105000000070000302000079000061000460000000,213759846674218935985346123749632518826195374153874692322587469597461283468932710,9.5
000000059000780000320000806000060000000804000000010000607000013000098000590000000,786143259915782364324659876153967482279834615846215937677421593431598726592367180,9.7
000000058000370000210000706000060000000709000000040000603000042000087000580000000,376492158845371269219658736452863971138729645796145823633914582924587316581263470,9.1
000000052000360000180000609000090000000607000000040000903000041000026000520000000,369471852245368197187952639451293768832617945679845213933784521714526389528193460,9.4
000000031000960000580000604000040000000607000000020000409000025000016000310000000,964275831123968547587431694235149768891657423674823159499782315752316984318549260,9.7
000000041000620000580000207000070000000203000000090000706000095000012000410000000,627935841194628573583741267945176328861253794237894156766389415359412687418576920,9.3
000000081000630000420000305000050000000307000000090000506000094000013000810000000,635974281198632457427581365984156732261347598375298146566729814749813625812456930,9.6
000000087000640000210000409000090000000405000000030000906000032000074000870000000,649352187738641295215987469382796541167425938459138726966513872523874619871296340,9.9
000000095000160000420000607000070000000603000000080000701000084000056000950000000,167834295589162473423795617894571362215643789637289541711328954348956127952471860,9.1
000000095000470000620000701000010000000703000000080000104000086000057000950000000,471836295589472613623195741896514372245763189731289564144328956368957421952614870,9.7
000000075000680000290000801000010000000804000000030000106000032000058000750000000,681342975537689214294175861372516489965824137841937526166493752423758691759216380,9.3
000000086000250000710000509000090000000504000000030000902000037000065000860000000,259347186638251794714986529387692451126574938549138672922413867473865219861792350,9.4
000000062000870000190000703000030000000705000000040000308000041000027000620000000,873451962246879135195362783461238579982715346753946218388594621514627893629138470,9.2
000000014000580000960000807000070000000803000000020000705000029000048000140000000,587239614421586973963714857219475386654893721837621495755362149392148567146975280,9.4
000000013000890000460000907000070000000902000000050000708000054000039000130000000,897524613351896472462713987514378296683942751927651348788265134245139867136478590,9.8
000000065000740000180000409000090000000403000000020000907000021000054000650000000,749231865526748193183965479261597348875413926439826517977382651312654789658197240,9.6
000000081000460000320000607000070000000605000000090000704000093000016000810000000,467953281198462375325781647983174562241635798657298134744529813539816427812374960,9.7
000000018000940000520000407000070000000406000000030000709000035000084000180000000,947365218831942576526718497315879642298456731467231859799623185653184927182579340,9.2
000000045000320000960000208000080000000207000000010000803000019000052000450000000,328179645514326987967845238149583726635297814278614593833761459791452368456983120,9.7
000000037000260000150000609000090000000604000000080000902000081000076000370000000,269841537783265194154937629831792465527614983649583712922458371418376259375192860,9.2
000000076000520000380000201000010000000209000000040000105000043000062000760000000,521493876647528319389176251473615928856239147291847635155984763934762581768315420,9.0
000000078000620000130000205000050000000204000000090000506000091000082000780000000,625941378897623154134578265971856423368214597245397816566439781419782635783156920,9.8
000000094000580000260000801000010000000807000000030000105000032000048000940000000,581372694439586217267194851392415786654827139871639425155763942723948561946215380,9.4
000000096000820000510000207000070000000203000000040000708000045000062000960000000,827435196649821573513796287495678321186253749237149658788314965354962817961578420,9.0
000000012000970000680000704000040000000705000000030000409000036000027000120000000,974356812231978645685412794316249578892765431754831269499583126563127984128649370,9.7
000000023000560000710000604000040000000609000000080000405000087000036000230000000,564897123382561749719423654827345961153679482694182375455918237978236514231745860,9.6
000000091000630000520000304000040000000308000000070000406000075000013000910000000,634785291179632548528491364795146832261358479384279156466827915857913624912546730,9.1
000000046000730000280000305000050000000301000000090000507000092000063000460000000,735912846694738251281546375942657138876321594315894627577189462129463785468257930,9.5
000000091000640000320000405000050000000408000000070000506000073000014000910000000,645783291179642358328591465793156842261438579485279136566827913837914625912356740,9.1
000000075000180000690000804000040000000802000000030000401000036000058000750000000,184326975537189642692475814376541289915862437824937561411293756263758194759641380,9.1
000000037000460000290000601000010000000608000000050000104000052000076000370000000,461582937753469218298137641532714869947628153681953724144895372825376491379214560,9.7
000000000000005097001060000000708000004000100020000000700002080060040001000500700,258917643634825197971463258195738462384269175627154839719632584562749381843591726,10.0
000000000000006029007050000000901000003000700080000000900008010050030007000600900,861279534543186729297354861726941358413852796589763142972548613658932417134627985,10.0
000000000000006092001040000000208000007000100030000000200003080040070001000600200,368912475457836192921745368196258743587349126432167859219453687643279581875691234,10.0
000000000000002083005040000000307000001000500090000000300009070040010005000200300,927853416461792583835146927582367149671948532493521768358469271249318675716285394,10.0
000000000000005069008040000000907000001000800030000000900003070040010008000500900,357689412421735869698142357865927143271346895439851726986423571543916278712568934,10.0
000000000000005094002010000000407000006000200030000000400003070010060002000500400,357924168186735294942618357295487613876319245134256789429183576513469872768592431,10.0
000000000000008035002010000000507000004000200060000000500006070010040002000800500,687325149194768235352419687238597416974613258165284793523196874816543972749832561,10.0
000000000000003024007090000000405000008000700010000000400001050090080007000300400,135274986968513724247896135723465891658192743914738562472961358391482657586327419,10.0
000000000000009057004010000000708000003000400060000000700006080010030004000900700,698547132123869457574312698459728316283615479167493825745126983916735284832954761,10.0
000000000000001087009030000000702000005000900040000000700004020030050009000100700,412897356365241987879536412981762534625438971347915268798364125134758629256189743,10.0
000000000000006083002040000000301000005000200090000000300009010040050002000600300,961823457475196283832547961286371549715948236493265178328479615649358712157682394,10.0
000000000000005072009040000000208000006000900030000000200003080040060009000500200,358792461416835972729641358975218643186347925432956817297413586543267189861579234,10.0
000000000000001084003050000000409000007000300060000000400006090050070003000100400,619834572527961384843752619381429756297658341564317928438526197156478293972183465,10.0
000000000000002089001040000000906000005000100030000000900003060040050001000200900,326819457475632189891547326182976543765348192439125678918473265243958761657281934,10.0
000000000000006029004080000000903000007000400010000000900001030080070004000600900,163249875857316429294785163426953781537182496819467352942851637681972534375624918,10.0
000000000000001067003050000000704000008000300020000000700002040050080003000100700,214637589598421367673859214361794852948256371527318496736592148152786943489163725,10.0
000000000000002089005040000000907000003000500010000000900001070040030005000200900,127859436463712589895346127582967341673148592419523768958461273241938675736285914,10.0
000000000000008017009040000000705000006000900020000000700002050040060009000800700,285197463436528917179643285918735642356241978427986531791432856842761359563819724,10.0
000000000000004057001030000000706000008000100090000000700009060030080001000400700,946517382328694157571832946154726839268935174397148625715329468439785261682451793,10.0
000000000000004012003080000000209000006000300050000000200005090080060003000400200,549132867876954312123687549314279685796581324852346971231875496485261793967413258,10.0
000000000000005097003040000000708000002000300060000000700006080040020003000500700,658937421412865397973241658395718246182649375467352819739416582546729183821593764,10.0
000000000000005093007060000000301000004000700020000000300002010060040007000500300,251973648684125793937468251795381462814269735623754189379682514562349817148597326,10.0
000000000000008059006040000000907000003000600020000000900002070040030006000800900,287569431413728659596341287658917342173245698429683715965412873842935176731856924,10.0
000000000000001073006020000000308000009000600050000000300005080020090006000100300,518763294249851673736924518671348925489527631253619847367245189125397486894176352,10.0
000000000000007019005060000000908000004000500020000000900002080060040005000700900,278159643634827519195463278517938462384261597629574831951632784762941385843715926,10.0
000000000000007089002010000000903000006000200050000000900005030010060002000700900,573829164146357289892614573287943615436518297159276348928145736715968432364782951,10.0
000000000000002084007060000000401000003000700090000000400009010060030007000200400,921874635653192784847365921782451369513968742694723158478659213269438517135287496,10.0
000000000000003052004010000000207000006000400080000000200008070010060004000300200,837542169196783452524619837453297618976815423182436795245198376318265974769354281,10.0
000000000000002073004060000000308000001000400050000000300005080060010004000200300,528743619691852473734169528472398165981567432653421897347695281265317984819274356,10.0
000000000000002057009060000000704000003000900010000000700001040060030009000200700,124597638683412957579368124952784361843165972617923485795681243261735849438259716,10.0
000000000000006074001080000000402000003000100050000000400005020080030001000600400,562714839893256174741389562176492385923587146854163297417895623685437921239671458,10.0
000000000000006038001090000000805000007000100040000000800004050090070001000600800,465318972927546138381792465136825794257493186948167523813924657694873251572631849,10.0
000000000000005047003020000000706000009000300010000000700001060020090003000500700,156437298289615347473928156345786921869124375217359684734281569521794863698543712,10.0
000000000000001068003040000000805000009000300070000000800007050040090003000100800,715638492429571368683942715361825947259746381478319526836427159147896253592163874,10.0
000000000000006075009020000000501000008000900030000000500003010020080009000600500,361795284248136975759824361976541823418327956235968147597243618623587419184679532,10.0
000000000000002097006050000000704000003000600010000000700001040050030006000200700,124967538583412697976358124692784351843159672517623489769581243251739846438296715,10.0
000000000000004029001030000000905000007000100080000000900008050030070001000400900,845219376367584129291736845124965738657832194389147562912368457438972651576421983,10.0
000000000000003084001090000000402000005000100070000000400007020090050001000300400,732814956965273184841596732183462597625798143974135268418967325397458621256381479,10.0
000000000000002051009030000000107000006000900080000000100008070030060009000200100,827591364346782951519634827952147638476835912381926745195348276238165479764259183,10.0
000000000000002041003070000000105000009000300060000000100006050070090003000200100,625431798789562341413978625342185976859674312761329584134786259276194853598243167,10.0
000000000000003098004010000000802000005000400070000000800007020010050004000300800,732948156165273498984516732493862517625719483178435269849167325317859624256394871,10.0
000000000000005063009040000000307000008000900020000000300002070040080009000500300,257693481418725963639841257965317842178246935423958716396412578542386179781569324,10.0
000000000000007094005080000000403000006000500010000000400001030080060005000700400,173954862826317594945682173597423681236189547814576329459821736781469235362795418,10.0
000000000000009041005020000000107000003000500060000000100006070020030005000900100,697451238283769541415328697549187326873624519261593784154286973926134875738945162,10.0
000000000000001029008040000000906000007000800050000000900005060040070008000100900,516289473437651829298743516821936745367542891459817632982435167145972368673128954,10.0
000000000000003019005070000000902000006000500040000000900004020070060005000300900,432159768786243519195678432513982674826471593749536281951784326374961825268315947,10.0
000000000000001065002040000000507000003000200090000000500009070040030002000100500,917625438483791265652348917261587349873946251495213786526489173149536872738162594,10.0
000000000000007063009010000000304000008000900050000000300005040010080009000700300,574693182128457963639812574967324815248516937153978426396125748715386249482769351,10.0
000000000000008047001060000000705000003000100090000000700009050060030001000800700,985417632623598147471362985148725369253964178697183524714629853869734251532841796,10.0
000000000000008091007020000000106000003000700050000000100005060020030007000800100,586971234243658791917324586798146325463529718251783649179245863825139467634897152,10.0
000000000000001026004080000000603000005000400070000000600007030080050004000100600,713246859895371426264589713421693587935782461876415392642897135187652934359124678,10.0
000000000000003057008020000000709000006000800010000000700001090020060008000300700,139587264246913857578624139853749621496125873217836945785241396321765498964358712,10.0
000000000000004086003020000000607000009000300010000000600001070020090003000400600,147836295259714386863925147384657921579128364216349758638251479421698573795483612,10.0
000000000000001084006020000000403000007000600090000000400009030020070006000100400,913864275257391684846725913681453729537928641294617358468259137129478536375186492,10.0
000000000000007089003060000000902000001000300040000000900004020060010003000700900,472839615651247389893165472387952164521468397649371258938654721764918523215783946,10.0
000000000000007085009040000000503000006000900020000000500002030040060009000700500,273895461416327985859641273987513642136248957425976318598412736742568139361789524,10.0
000000000000007012009050000000203000006000900080000000200008030050060009000700200,873192564546387912129654873917243658436851927582976341291548736758261439364719285,10.0
000000000000009074001050000000403000002000100080000000400008030050020001000900400,893714526562389174741256893179463258632857149584192367417568932958427631326971485,10.0
000000000000008053002010000000309000006000200040000000300004090010060002000800300,489523167176948253532617489258379614796415238143286975325174896814365792967852341,10.0
000000000000009065004010000000502000003000400070000000500007020010030004000900500,792645138183279465654318792469582317823716459175493286546187923917536824238964571,10.0
000000000000003062004010000000207000008000400090000000200009070010080004000300200,937642185158793462624815937463257819578916423192438756246159378319286574785364291,10.0
000000000000005063007090000000301000008000700040000000300004010090080007000500300,451673982928145763637892451765321894218496735943758126376924518594386217182567349,10.0
000000000000001037004050000000706000008000400020000000700002060050080004000100700,216347589598621437374859216431796852968253471527418693743592168152783964689134725,10.0
000000000000002083006090000000301000004000600070000000300007010090040006000200300,721863945954172683836495721682351497514798632973624158368957214297348516145286379,10.0
000000000000009076002030000000605000004000200010000000600001050030040002000900600,195726348384519276762438195279685431854137269316294587627381954931647852548972613,10.0
000000000000009082006010000000203000007000600040000000200004030010070006000900200,493862175157349682826715493689253714537418629142697358268154937914278536375986241,10.0
000000000000003097005080000000706000001000500040000000700004060080010005000300700,436957812821643597975182436593726184261489573847531629759824361384719265612395748,10.0
000000000000002051007090000000103000008000700040000000100004030090080007000200100,423571986968342751517896423752163894638495712941728365175964238294185637386257149,10.0
000000000000008024006050000000409000007000600010000000400001090050070006000800400,189264573537918624246753189628439751397152648514687932462531897851472396973826415,10.0
000000000000008065007010000000509000004000700030000000500003090010040007000800500,389675142124938765657412389768529413294316758135784926576123894813546297942867531,10.0
000000000000002068005070000000803000001000500040000000800004030070010005000200800,423658719791342568685179423562893174931476582748521396856794231274816935319265847,10.0
000000000000006072003080000000204000009000300010000000200001040080090003000600200,164732895859416372723985164376254981549187326812369457237851649681297543495673218,10.0
000000000000009036004050000000601000002000400080000000600008010050020004000900600,891346527572189436364257891439671258712853469586492173643578912958623714127934685,10.0
000000000000001045009070000000502000008000900030000000500003020070080009000100500,312495786768231945459876312941562873628374951735918264594763128173584629286149537,10.0
000000000000007085009030000000502000001000900060000000500006020030010009000700500,672895314341267985859134672987542136421638957365971248598346721736518429214789563,10.0
000000000000004053007090000000306000002000700010000000300001060090020007000400300,146573928982614753537298146754386291862195734913742685375981462491325867628457319,10.0
000000000000005068003090000000807000004000300020000000800002070090040003000500800,257638941914725368683491257365817492174296385928354716836912574592846173741563829,10.0
000000000000004031006070000000105000008000600020000000100002050070080006000400100,245361789798524631316879245634195872958273614721648593163792458472183956589436127,10.0
000000000000002015006030000000504000008000600090000000500009040030080006000200500,924165387378492615156837924612574839748931652395628471561379248239581746487216593,10.0
000000000000006079001040000000902000005000100030000000900003020040050001000600900,362719458485236179791548362176982543825347196439165287917483625643957821258671934,10.0
000000000000003067001090000000705000008000100040000000700004050090080001000300700,435617982928543167671892435163725894258496173947138526716924358394786251582361749,10.0
000000000000003024005010000000409000008000500060000000400006090010080005000300400,639254187178963524245817639523479816798612543164538972452176398316482795987325461,10.0
000000000000007094003050000000408000002000300060000000400006080050020003000700400,678934521512867394943251678397418256182659347564372819439516782756429183821793465,10.0
000000000000001097005080000000702000004000500060000000700006020080040005000100700,612957843834261597975483612591732486324689571867514239759836124186749325243195768,10.0
000000000000006094008030000000407000001000800020000000400002070030010008000600400,267984315351726894948135267896457132571239846324861759489352671632419578715698423,10.0
000000000000001063008040000000302000009000800050000000300005020040090008000100300,512683497479251863638947512861372945729546831453819276386475129145396728297168354,10.0
000000000000008024009060000000403000001000900050000000400005030060010009000800400,583294617671358924249167583928473165731562948654981372492675831865412739317829456,10.0
000000000000003064005020000000408000009000500070000000400007080020090005000300400,738654291219873564645921738563418927189726543274539816456217389327496185891365472,10.0
000000000000007023005080000000306000004000500090000000300009060080040005000700300,976253841814697523235481976527316489164982537893574612352819764789342165641725398,10.0
000000000000005017006020000000709000003000600080000000700008090020030006000500700,859167234243985617176324859615749328493821675287653941761248593528731496934516782,10.0
000000000000003096002010000000605000007000200040000000600004050010070002000300600,435926178187543296962718435293685714857419263146237589629184357314679852578392641,10.0
000000000000009032005060000000207000001000500080000000200008070060010005000900200,897352614641789532325164897539247168471863529682591743253648971968213475714935286,10.0
000000000000007015009040000000502000006000900080000000500008020040060009000700500,872195463436287915159643872917532648326841957485976231591438726748561329263719584,10.0
000000000000005026008040000000607000003000800090000000600009070040030008000500600,957286431413795826268341957825617349173942865496853712682419573549632178731528694,10.0
000000000000003065002080000000507000009000200040000000500004070080090002000300500,437625891819743265652981437263517984179486253845239716526814379384596172791362548,10.0
000000000000005048006030000000801000007000600020000000800002010030070006000500800,251468379397125648486739251645891732917234685328657194864392517532874916179546823,10.0
000000000000006024001050000000409000008000100070000000400007090050080001000600400,769214583538976124241853769126439857398752146574168932412537698657482391983621475,10.0
000000000000001023005090000000306000008000500070000000300007060090080005000100300,716253984948671523235894716521346897468792531973518642352947168197382465684125379,10.0
000000000000003017004060000000705000009000400080000000700008050060090004000300700,835147692629583417174962835413725968259861473687439521741628359368791254592314786,10.0
000000000000009057003040000000706000001000300080000000700008060040010003000900700,896537412421689357573142896359726148261845379487391625735428961948715263612953784,10.0
